# calculo de n_5
0.0603*7614
# 459.1242

# calculo de n_7
7614 - 145 - 2415 - 3456 - 852 - 459 - 157
# 130

# Frecuencias absolutas
nj <- c(145, 2415, 3456, 852, 459, 157, 130)

# Tamaño de la muestra
n <- 7614
